1 201 202 -1 -1 -1 -1 
2 204 205 206 -1 -1 -1 
3 207 208 209 -1 -1 -1 
4 209 301 -1 -1 -1 -1 
5 301 304 -1 -1 -1 -1 
6 307 309 -1 -1 -1 -1 
7 312 310 -1 -1 -1 -1 
8 201 222 -1 -1 -1 -1 
9 201 202 -1 -1 -1 -1 
10 221 212 -1 -1 -1 -1 
11 212 202 -1 -1 -1 -1 
12 213 203 -1 -1 -1 -1 
13 219 213 214 218 -1 -1 
14 204 213 214 -1 -1 -1 
15 214 215 -1 -1 -1 -1 
16 214 205 207 -1 -1 -1 
17 207 216 -1 -1 -1 -1 
18 208 -1 -1 -1 -1 -1 
19 210 211 -1 -1 -1 -1 
20 303 302 301 -1 -1 -1 
21 302 327 303 -1 -1 -1 
22 303 304 306 -1 -1 -1 
23 304 307 -1 -1 -1 -1 
24 308 307 305 324 -1 -1 
25 310 311 309 -1 -1 -1 
26 313 316 312 -1 -1 -1 
27 313 312 -1 -1 -1 -1 
28 222 223 -1 -1 -1 -1 
29 221 220 -1 -1 -1 -1 
30 220 223 -1 -1 -1 -1 
31 224 220 -1 -1 -1 -1 
32 219 247 -1 -1 -1 -1 
33 218 247 215 244 -1 -1 
34 244 215 217 -1 -1 -1 
35 217 246 -1 -1 -1 -1 
36 245 248 -1 -1 -1 -1 
37 217 210 248 257 -1 -1 
38 211 257 -1 -1 -1 -1 
39 257 256 -1 -1 -1 -1 
40 257 328 -1 -1 -1 -1 
41 327 306 -1 -1 -1 -1 
42 326 328 325 -1 -1 -1 
43 323 325 321 330 -1 -1 
44 305 323 325 -1 -1 -1 
45 316 311 308 -1 -1 -1 
46 317 316 324 322 -1 -1 
47 314 313 -1 -1 -1 -1 
48 223 227 -1 -1 -1 -1 
49 225 227 -1 -1 -1 -1 
50 228 230 225 -1 -1 -1 
51 225 236 226 224 -1 -1 
52 235 237 226 -1 -1 -1 
53 247 226 243 -1 -1 -1 
54 244 243 246 -1 -1 -1 
55 243 237 242 -1 -1 -1 
56 248 249 256 -1 -1 -1 
57 256 255 -1 -1 -1 -1 
58 336 329 330 -1 -1 -1 
59 330 328 325 -1 -1 -1 
60 321 331 -1 -1 -1 -1 
61 320 321 -1 -1 -1 -1 
62 321 -1 -1 -1 -1 -1 
63 322 320 -1 -1 -1 -1 
64 318 315 -1 -1 -1 -1 
65 317 314 -1 -1 -1 -1 
66 315 -1 -1 -1 -1 -1 
67 315 314 -1 -1 -1 -1 
68 229 230 231 -1 -1 -1 
69 230 235 231 -1 -1 -1 
70 234 235 -1 -1 -1 -1 
71 238 237 242 -1 -1 -1 
72 242 241 250 -1 -1 -1 
73 250 249 255 -1 -1 -1 
74 255 254 -1 -1 -1 -1 
75 254 334 336 -1 -1 -1 
76 336 335 331 -1 -1 -1 
77 341 333 332 -1 -1 -1 
78 333 332 -1 -1 -1 -1 
79 338 319 -1 -1 -1 -1 
80 319 -1 -1 -1 -1 -1 
81 231 401 -1 -1 -1 -1 
82 232 233 -1 -1 -1 -1 
83 234 240 -1 -1 -1 -1 
84 234 238 -1 -1 -1 -1 
85 240 239 -1 -1 -1 -1 
86 239 252 -1 -1 -1 -1 
87 239 241 251 -1 -1 -1 
88 251 252 -1 -1 -1 -1 
89 252 407 253 501 -1 -1 
90 253 334 -1 -1 -1 -1 
91 253 340 -1 -1 -1 -1 
92 340 334 -1 -1 -1 -1 
93 341 534 -1 -1 -1 -1 
94 337 338 -1 -1 -1 -1 
95 338 -1 -1 -1 -1 -1 
96 -1 -1 -1 -1 -1 -1 
97 318 339 -1 -1 -1 -1 
98 339 -1 -1 -1 -1 -1 
99 232 401 402 -1 -1 -1 
100 403 404 421 -1 -1 -1 
101 233 402 404 -1 -1 -1 
102 421 405 -1 -1 -1 -1 
103 240 405 -1 -1 -1 -1 
104 419 406 -1 -1 -1 -1 
105 252 406 407 -1 -1 -1 
106 407 408 -1 -1 -1 -1 
107 408 502 501 -1 -1 -1 
108 501 532 533 -1 -1 -1 
109 340 534 -1 -1 -1 -1 
110 -1 -1 -1 -1 -1 -1 
111 337 -1 -1 -1 -1 -1 
112 534 522 -1 -1 -1 -1 
113 -1 -1 -1 -1 -1 -1 
114 522 525 -1 -1 -1 -1 
115 525 524 -1 -1 -1 -1 
116 339 524 -1 -1 -1 -1 
117 424 423 -1 -1 -1 -1 
118 424 403 -1 -1 -1 -1 
119 422 421 -1 -1 -1 -1 
120 426 420 -1 -1 -1 -1 
121 422 419 -1 -1 -1 -1 
122 417 419 418 -1 -1 -1 
123 406 418 -1 -1 -1 -1 
124 410 418 -1 -1 -1 -1 
125 412 410 -1 -1 -1 -1 
126 409 411 531 -1 -1 -1 
127 502 409 -1 -1 -1 -1 
128 532 531 -1 -1 -1 -1 
129 531 530 -1 -1 -1 -1 
130 530 533 -1 -1 -1 -1 
131 -1 -1 -1 -1 -1 -1 
132 523 522 -1 -1 -1 -1 
133 524 523 521 -1 -1 -1 
134 425 422 -1 -1 -1 -1 
135 427 425 -1 -1 -1 -1 
136 427 443 -1 -1 -1 -1 
137 428 427 -1 -1 -1 -1 
138 -1 -1 -1 -1 -1 -1 
139 429 428 420 417 -1 -1 
140 412 416 -1 -1 -1 -1 
141 411 503 -1 -1 -1 -1 
142 529 528 -1 -1 -1 -1 
143 -1 -1 -1 -1 -1 -1 
144 -1 -1 -1 -1 -1 -1 
145 519 518 -1 -1 -1 -1 
146 515 518 -1 -1 -1 -1 
147 517 519 -1 -1 -1 -1 
148 517 515 -1 -1 -1 -1 
149 523 517 -1 -1 -1 -1 
150 516 517 -1 -1 -1 -1 
151 521 516 -1 -1 -1 -1 
152 435 436 -1 -1 -1 -1 
153 425 435 -1 -1 -1 -1 
154 436 434 -1 -1 -1 -1 
155 434 425 -1 -1 -1 -1 
156 434 443 -1 -1 -1 -1 
157 -1 -1 -1 -1 -1 -1 
158 -1 -1 -1 -1 -1 -1 
159 432 431 -1 -1 -1 -1 
160 430 429 -1 -1 -1 -1 
161 415 414 -1 -1 -1 -1 
162 503 415 -1 -1 -1 -1 
163 504 414 -1 -1 -1 -1 
164 503 504 -1 -1 -1 -1 
165 528 506 -1 -1 -1 -1 
166 -1 -1 -1 -1 -1 -1 
167 -1 -1 -1 -1 -1 -1 
168 518 512 -1 -1 -1 -1 
169 513 510 -1 -1 -1 -1 
170 514 513 -1 -1 -1 -1 
171 514 511 -1 -1 -1 -1 
172 516 514 -1 -1 -1 -1 
173 -1 -1 -1 -1 -1 -1 
174 433 -1 -1 -1 -1 -1 
175 -1 -1 -1 -1 -1 -1 
176 -1 -1 -1 -1 -1 -1 
177 431 430 -1 -1 -1 -1 
178 414 -1 -1 -1 -1 -1 
179 -1 -1 -1 -1 -1 -1 
180 504 -1 -1 -1 -1 -1 
181 504 506 -1 -1 -1 -1 
182 -1 -1 -1 -1 -1 -1 
183 506 -1 -1 -1 -1 -1 
184 -1 -1 -1 -1 -1 -1 
185 -1 -1 -1 -1 -1 -1 
186 512 -1 -1 -1 -1 -1 
187 510 -1 -1 -1 -1 -1 
188 -1 -1 -1 -1 -1 -1 
189 -1 -1 -1 -1 -1 -1 
190 -1 -1 -1 -1 -1 -1 
191 -1 -1 -1 -1 -1 -1 
192 -1 -1 -1 -1 -1 -1 
193 -1 -1 -1 -1 -1 -1 
194 -1 -1 -1 -1 -1 -1 
195 -1 -1 -1 -1 -1 -1 
196 -1 -1 -1 -1 -1 -1 
197 -1 -1 -1 -1 -1 -1 
198 -1 -1 -1 -1 -1 -1 
199 -1 -1 -1 -1 -1 -1 
200 -1 -1 -1 -1 -1 -1 
201 1 9 8 221 -1 -1 
202 11 9 1 203 -1 -1 
203 12 202 204 -1 -1 -1 
204 203 14 2 -1 -1 -1 
205 2 16 -1 -1 -1 -1 
206 2 207 -1 -1 -1 -1 
207 206 16 17 3 -1 -1 
208 18 3 210 -1 -1 -1 
209 3 211 302 4 -1 -1 
210 208 37 19 -1 -1 -1 
211 19 209 38 302 -1 -1 
212 219 10 11 -1 -1 -1 
213 13 12 14 -1 -1 -1 
214 14 16 15 13 -1 -1 
215 15 33 216 34 -1 -1 
216 17 215 217 -1 -1 -1 
217 216 34 35 37 -1 -1 
218 13 33 -1 -1 -1 -1 
219 220 32 13 212 -1 -1 
220 29 30 31 219 -1 -1 
221 201 10 222 29 -1 -1 
222 221 8 28 -1 -1 -1 
223 28 30 48 225 -1 -1 
224 226 51 31 247 -1 -1 
225 223 49 50 51 -1 -1 
226 52 51 224 53 -1 -1 
227 49 48 228 -1 -1 -1 
228 227 50 229 -1 -1 -1 
229 228 68 -1 -1 -1 -1 
230 68 50 236 69 -1 -1 
231 68 69 81 232 -1 -1 
232 231 99 82 -1 -1 -1 
233 82 101 234 -1 -1 -1 
234 233 83 70 84 -1 -1 
235 236 69 70 52 -1 -1 
236 230 51 235 -1 -1 -1 
237 71 52 55 -1 -1 -1 
238 239 84 71 -1 -1 -1 
239 85 86 238 87 -1 -1 
240 83 85 103 404 -1 -1 
241 242 72 87 -1 -1 -1 
242 55 72 71 241 -1 -1 
243 54 53 55 245 -1 -1 
244 33 54 34 -1 -1 -1 
245 246 36 243 250 -1 -1 
246 35 54 245 -1 -1 -1 
247 32 224 33 53 -1 -1 
248 36 37 56 257 -1 -1 
249 56 73 -1 -1 -1 -1 
250 245 72 73 -1 -1 -1 
251 87 88 254 -1 -1 -1 
252 88 86 105 89 -1 -1 
253 254 89 90 91 -1 -1 
254 251 74 253 75 -1 -1 
255 73 57 74 336 -1 -1 
256 56 39 57 329 -1 -1 
257 248 37 38 39 40 327 
258 -1 -1 -1 -1 -1 -1 
259 -1 -1 -1 -1 -1 -1 
260 -1 -1 -1 -1 -1 -1 
261 -1 -1 -1 -1 -1 -1 
262 -1 -1 -1 -1 -1 -1 
263 -1 -1 -1 -1 -1 -1 
264 -1 -1 -1 -1 -1 -1 
265 -1 -1 -1 -1 -1 -1 
266 -1 -1 -1 -1 -1 -1 
267 -1 -1 -1 -1 -1 -1 
268 -1 -1 -1 -1 -1 -1 
269 -1 -1 -1 -1 -1 -1 
270 -1 -1 -1 -1 -1 -1 
271 -1 -1 -1 -1 -1 -1 
272 -1 -1 -1 -1 -1 -1 
273 -1 -1 -1 -1 -1 -1 
274 -1 -1 -1 -1 -1 -1 
275 -1 -1 -1 -1 -1 -1 
276 -1 -1 -1 -1 -1 -1 
277 -1 -1 -1 -1 -1 -1 
278 -1 -1 -1 -1 -1 -1 
279 -1 -1 -1 -1 -1 -1 
280 -1 -1 -1 -1 -1 -1 
281 -1 -1 -1 -1 -1 -1 
282 -1 -1 -1 -1 -1 -1 
283 -1 -1 -1 -1 -1 -1 
284 -1 -1 -1 -1 -1 -1 
285 -1 -1 -1 -1 -1 -1 
286 -1 -1 -1 -1 -1 -1 
287 -1 -1 -1 -1 -1 -1 
288 -1 -1 -1 -1 -1 -1 
289 -1 -1 -1 -1 -1 -1 
290 -1 -1 -1 -1 -1 -1 
291 -1 -1 -1 -1 -1 -1 
292 -1 -1 -1 -1 -1 -1 
293 -1 -1 -1 -1 -1 -1 
294 -1 -1 -1 -1 -1 -1 
295 -1 -1 -1 -1 -1 -1 
296 -1 -1 -1 -1 -1 -1 
297 -1 -1 -1 -1 -1 -1 
298 -1 -1 -1 -1 -1 -1 
299 -1 -1 -1 -1 -1 -1 
300 -1 -1 -1 -1 -1 -1 
301 4 20 5 -1 -1 -1 
302 209 211 21 20 -1 -1 
303 21 22 20 -1 -1 -1 
304 5 23 22 -1 -1 -1 
305 326 44 24 -1 -1 -1 
306 22 41 326 -1 -1 -1 
307 23 6 24 -1 -1 -1 
308 24 45 309 -1 -1 -1 
309 6 25 308 -1 -1 -1 
310 7 25 -1 -1 -1 -1 
311 25 312 45 -1 -1 -1 
312 26 7 27 311 -1 -1 
313 47 26 27 -1 -1 -1 
314 65 67 47 -1 -1 -1 
315 64 67 66 -1 -1 -1 
316 46 26 45 -1 -1 -1 
317 46 318 65 -1 -1 -1 
318 319 64 317 97 -1 -1 
319 79 318 80 -1 -1 -1 
320 63 61 -1 -1 -1 -1 
321 60 62 43 61 -1 -1 
322 46 63 -1 -1 -1 -1 
323 44 43 324 -1 -1 -1 
324 24 46 323 -1 -1 -1 
325 59 44 42 43 -1 -1 
326 306 42 305 -1 -1 -1 
327 257 21 41 -1 -1 -1 
328 42 40 329 59 -1 -1 
329 58 256 328 -1 -1 -1 
330 59 58 43 331 -1 -1 
331 330 76 60 332 -1 -1 
332 78 77 331 -1 -1 -1 
333 77 78 -1 -1 -1 -1 
334 92 90 75 335 -1 -1 
335 76 334 341 -1 -1 -1 
336 255 75 58 76 -1 -1 
337 534 94 111 -1 -1 -1 
338 94 79 95 -1 -1 -1 
339 97 116 526 98 -1 -1 
340 91 92 109 -1 -1 -1 
341 335 77 93 -1 -1 -1 
342 -1 -1 -1 -1 -1 -1 
343 -1 -1 -1 -1 -1 -1 
344 -1 -1 -1 -1 -1 -1 
345 -1 -1 -1 -1 -1 -1 
346 -1 -1 -1 -1 -1 -1 
347 -1 -1 -1 -1 -1 -1 
348 -1 -1 -1 -1 -1 -1 
349 -1 -1 -1 -1 -1 -1 
350 -1 -1 -1 -1 -1 -1 
351 -1 -1 -1 -1 -1 -1 
352 -1 -1 -1 -1 -1 -1 
353 -1 -1 -1 -1 -1 -1 
354 -1 -1 -1 -1 -1 -1 
355 -1 -1 -1 -1 -1 -1 
356 -1 -1 -1 -1 -1 -1 
357 -1 -1 -1 -1 -1 -1 
358 -1 -1 -1 -1 -1 -1 
359 -1 -1 -1 -1 -1 -1 
360 -1 -1 -1 -1 -1 -1 
361 -1 -1 -1 -1 -1 -1 
362 -1 -1 -1 -1 -1 -1 
363 -1 -1 -1 -1 -1 -1 
364 -1 -1 -1 -1 -1 -1 
365 -1 -1 -1 -1 -1 -1 
366 -1 -1 -1 -1 -1 -1 
367 -1 -1 -1 -1 -1 -1 
368 -1 -1 -1 -1 -1 -1 
369 -1 -1 -1 -1 -1 -1 
370 -1 -1 -1 -1 -1 -1 
371 -1 -1 -1 -1 -1 -1 
372 -1 -1 -1 -1 -1 -1 
373 -1 -1 -1 -1 -1 -1 
374 -1 -1 -1 -1 -1 -1 
375 -1 -1 -1 -1 -1 -1 
376 -1 -1 -1 -1 -1 -1 
377 -1 -1 -1 -1 -1 -1 
378 -1 -1 -1 -1 -1 -1 
379 -1 -1 -1 -1 -1 -1 
380 -1 -1 -1 -1 -1 -1 
381 -1 -1 -1 -1 -1 -1 
382 -1 -1 -1 -1 -1 -1 
383 -1 -1 -1 -1 -1 -1 
384 -1 -1 -1 -1 -1 -1 
385 -1 -1 -1 -1 -1 -1 
386 -1 -1 -1 -1 -1 -1 
387 -1 -1 -1 -1 -1 -1 
388 -1 -1 -1 -1 -1 -1 
389 -1 -1 -1 -1 -1 -1 
390 -1 -1 -1 -1 -1 -1 
391 -1 -1 -1 -1 -1 -1 
392 -1 -1 -1 -1 -1 -1 
393 -1 -1 -1 -1 -1 -1 
394 -1 -1 -1 -1 -1 -1 
395 -1 -1 -1 -1 -1 -1 
396 -1 -1 -1 -1 -1 -1 
397 -1 -1 -1 -1 -1 -1 
398 -1 -1 -1 -1 -1 -1 
399 -1 -1 -1 -1 -1 -1 
400 -1 -1 -1 -1 -1 -1 
401 81 99 424 -1 -1 -1 
402 403 99 101 -1 -1 -1 
403 118 402 100 -1 -1 -1 
404 240 100 101 -1 -1 -1 
405 102 103 -1 -1 -1 -1 
406 104 123 105 -1 -1 -1 
407 89 105 106 -1 -1 -1 
408 106 409 107 -1 -1 -1 
409 408 126 127 -1 -1 -1 
410 125 124 -1 -1 -1 -1 
411 126 412 141 -1 -1 -1 
412 411 140 125 -1 -1 -1 
413 -1 -1 -1 -1 -1 -1 
414 163 161 178 -1 -1 -1 
415 416 161 162 -1 -1 -1 
416 417 415 140 -1 -1 -1 
417 139 122 416 -1 -1 -1 
418 124 122 123 -1 -1 -1 
419 121 104 122 -1 -1 -1 
420 120 139 -1 -1 -1 -1 
421 119 100 102 -1 -1 -1 
422 134 119 121 -1 -1 -1 
423 117 -1 -1 -1 -1 -1 
424 401 118 117 -1 -1 -1 
425 134 153 155 135 426 -1 
426 425 120 -1 -1 -1 -1 
427 137 136 135 -1 -1 -1 
428 139 137 -1 -1 -1 -1 
429 160 139 -1 -1 -1 -1 
430 177 431 160 -1 -1 -1 
431 159 177 430 -1 -1 -1 
432 433 159 -1 -1 -1 -1 
433 434 174 432 -1 -1 -1 
434 154 155 156 433 -1 -1 
435 153 152 -1 -1 -1 -1 
436 152 154 -1 -1 -1 -1 
437 -1 -1 -1 -1 -1 -1 
438 -1 -1 -1 -1 -1 -1 
439 -1 -1 -1 -1 -1 -1 
440 -1 -1 -1 -1 -1 -1 
441 -1 -1 -1 -1 -1 -1 
442 -1 -1 -1 -1 -1 -1 
443 136 156 -1 -1 -1 -1 
444 -1 -1 -1 -1 -1 -1 
445 -1 -1 -1 -1 -1 -1 
446 -1 -1 -1 -1 -1 -1 
447 -1 -1 -1 -1 -1 -1 
448 -1 -1 -1 -1 -1 -1 
449 -1 -1 -1 -1 -1 -1 
450 -1 -1 -1 -1 -1 -1 
451 -1 -1 -1 -1 -1 -1 
452 -1 -1 -1 -1 -1 -1 
453 -1 -1 -1 -1 -1 -1 
454 -1 -1 -1 -1 -1 -1 
455 -1 -1 -1 -1 -1 -1 
456 -1 -1 -1 -1 -1 -1 
457 -1 -1 -1 -1 -1 -1 
458 -1 -1 -1 -1 -1 -1 
459 -1 -1 -1 -1 -1 -1 
460 -1 -1 -1 -1 -1 -1 
461 -1 -1 -1 -1 -1 -1 
462 -1 -1 -1 -1 -1 -1 
463 -1 -1 -1 -1 -1 -1 
464 -1 -1 -1 -1 -1 -1 
465 -1 -1 -1 -1 -1 -1 
466 -1 -1 -1 -1 -1 -1 
467 -1 -1 -1 -1 -1 -1 
468 -1 -1 -1 -1 -1 -1 
469 -1 -1 -1 -1 -1 -1 
470 -1 -1 -1 -1 -1 -1 
471 -1 -1 -1 -1 -1 -1 
472 -1 -1 -1 -1 -1 -1 
473 -1 -1 -1 -1 -1 -1 
474 -1 -1 -1 -1 -1 -1 
475 -1 -1 -1 -1 -1 -1 
476 -1 -1 -1 -1 -1 -1 
477 -1 -1 -1 -1 -1 -1 
478 -1 -1 -1 -1 -1 -1 
479 -1 -1 -1 -1 -1 -1 
480 -1 -1 -1 -1 -1 -1 
481 -1 -1 -1 -1 -1 -1 
482 -1 -1 -1 -1 -1 -1 
483 -1 -1 -1 -1 -1 -1 
484 -1 -1 -1 -1 -1 -1 
485 -1 -1 -1 -1 -1 -1 
486 -1 -1 -1 -1 -1 -1 
487 -1 -1 -1 -1 -1 -1 
488 -1 -1 -1 -1 -1 -1 
489 -1 -1 -1 -1 -1 -1 
490 -1 -1 -1 -1 -1 -1 
491 -1 -1 -1 -1 -1 -1 
492 -1 -1 -1 -1 -1 -1 
493 -1 -1 -1 -1 -1 -1 
494 -1 -1 -1 -1 -1 -1 
495 -1 -1 -1 -1 -1 -1 
496 -1 -1 -1 -1 -1 -1 
497 -1 -1 -1 -1 -1 -1 
498 -1 -1 -1 -1 -1 -1 
499 -1 -1 -1 -1 -1 -1 
500 -1 -1 -1 -1 -1 -1 
501 89 107 108 -1 -1 -1 
502 107 127 532 -1 -1 -1 
503 141 162 164 -1 -1 -1 
504 164 163 181 180 -1 -1 
505 -1 -1 -1 -1 -1 -1 
506 165 181 183 -1 -1 -1 
507 -1 -1 -1 -1 -1 -1 
508 -1 -1 -1 -1 -1 -1 
509 -1 -1 -1 -1 -1 -1 
510 169 511 187 -1 -1 -1 
511 510 171 -1 -1 -1 -1 
512 168 186 -1 -1 -1 -1 
513 170 515 169 -1 -1 -1 
514 172 170 171 -1 -1 -1 
515 513 148 146 -1 -1 -1 
516 150 151 172 -1 -1 -1 
517 150 149 147 148 -1 -1 
518 145 168 146 -1 -1 -1 
519 520 145 147 -1 -1 -1 
520 522 519 -1 -1 -1 -1 
521 133 151 -1 -1 -1 -1 
522 112 114 132 520 -1 -1 
523 133 132 149 -1 -1 -1 
524 115 116 133 -1 -1 -1 
525 114 115 526 -1 -1 -1 
526 339 525 -1 -1 -1 -1 
527 -1 -1 -1 -1 -1 -1 
528 142 165 -1 -1 -1 -1 
529 530 142 -1 -1 -1 -1 
530 129 130 529 -1 -1 -1 
531 128 126 129 -1 -1 -1 
532 108 502 128 -1 -1 -1 
533 130 108 534 -1 -1 -1 
