1 201 
201 9 
201 8 
201 221 
10 221 
221 222 
222 8 
222 28 
28 223 
221 29 
29 220 
220 30 
30 223 
48 223 
223 225 
225 49 
49 227 
48 227 
227 228 
228 50 
228 229 
229 68 
68 230 
50 230 
50 225 
225 51 
230 236 
236 51 
236 235 
230 69 
69 235 
68 231 
231 69 
231 81 
81 401 
231 232 
232 99 
232 82 
82 233 
233 101 
233 234 
234 83 
234 70 
234 84 
83 240 
240 85 
240 103 
240 404 
70 235 
85 239 
239 86 
239 238 
239 87 
238 84 
238 71 
235 52
71 237 
237 52 
52 226 
226 51 
226 224 
224 51 
224 31 
31 220 
220 219 
219 32 
32 247 
247 224 
219 13 
219 212 
212 10 
212 11 
11 202 
202 9 
1 202 
13 213 
213 12 
12 203 
203 202 
203 204 
204 14 
14 213 
14 214 
16 214 
214 15 
214 13 
204 2 
2 205 
205 16 
13 218 
218 33 
33 247 
247 53 
53 226 
2 206 
206 207 
207 16 
207 17 
207 3 
15 215 
215 33 
33 244 
244 54 
244 34 
54 243 
243 53 
243 55 
55 237 
55 242 
242 72 
242 71 
242 241 
241 72 
241 87 
87 251 
251 88 
88 252 
252 86 
252 105 
252 89 
17 216 
216 215 
215 34 
216 217 
217 34 
217 35 
35 246 
246 54 
246 245 
245 36 
245 243 
245 250 
250 72 
89 407 
250 73 
208 18 
37 217 
36 248 
3 208 
208 210 
210 37 
37 248 
248 56 
56 249 
249 73 
254 251 
73 255 
56 256 
248 257 
37 257 
210 19 
19 211 
3 209 
209 211 
211 38 
38 257 
257 39 
39 256 
256 57 
57 255 
255 74 
74 254 
254 253 
253 89
89 501 
253 90 
253 91 
75 254 
255 336 
209 302 
302 211 
209 4 
91 340 
340 92 
92 334 
334 90 
334 75 
75 336 
336 58 
58 329 
329 256 
340 109 
257 40 
257 327 
302 21 
21 327 
327 41 
21 303 
303 22 
303 20 
20 302 
4 301 
301 20 
301 5 
5 304 
304 23 
304 22 
22 306 
306 41 
306 326 
326 42 
42 328 
328 40 
328 329 
59 330 
330 58 
59 328 
76 336 
76 335 
335 334 
341 335 
341 77 
341 93 
77 333 
333 78 
78 332 
332 77 
93 534 
534 337 
337 94 
94 338 
338 79 
79 319 
319 318 
318 64 
64 315 
315 67
111 337 
95 338 
80 319 
66 315 
46 317 
317 318 
318 97 
97 339 
339 116 
339 526 
339 98 
317 65 
65 314 
314 67 
314 47 
47 313 
313 26 
313 27 
46 316 
316 26 
26 312 
312 7 
27 312 
7 310 
310 25 
25 311 
311 312 
316 45 
45 311 
23 307 
307 6 
6 309 
309 25 
24 308 
308 45 
308 309 
307 24 
326 305 
305 44 
305 24 
24 324 
324 46 
44 323 
43 323 
323 324 
59 325 
325 44 
42 325 
325 43 
46 322 
322 63 
63 320 
320 61 
60 321 
321 62 
43 321 
321 61 
43 330 
330 331 
76 331 
331 60 
331 332 
